753
795
1118
799
1318
2136
2128
1697
1361
1304
1430
1089
1121
404
927
2004
2013
1749
1902
1908
154
1549
635
1329
881
1782
317
629
544
556
543
887
963
1753
595
357
1766
439
671
106
1252
970
968
587
1187
992
642
643
1226
731
904
149
153
306
1510
2002
1370
903
1716
1717
961
958
1356
392
630
580
581
1436
1438
303
296
838
477
83
1448
1251
1529
1111
1112
423
428
1053
1052
1046
1031
5
460
1333
1477
1343
1338
1427
1454
1456
1525
1394
1496
1488
1482
1337
1138
1323
1127
1204
215
195
262
1151
281
883
162
54
348
1050
1405
1177
1457
577
849
345
1993
2016
1568
1535
833
975
880
1378
999
1152
1669
991
1000
1196
1068
435
189
422
349
1353
1058
659
1039
1080
740
789
426
277
1423
784
1025
1608
628
1453
1476
686
451
534
744
722
