53
1635
1678
1590
1576
1547
1266
1501
1506
1305
1181
2044
2045
1963
1677
44
1474
928
1116
2097
1985
2001
2012
2046
1929
1933
1909
1911
1916
1907
2033
636
1328
2078
493
624
754
1622
443
724
1442
1441
877
944
1097
1397
1368
824
1556
2058
1380
337
420
858
578
582
291
328
638
82
93
1531
1540
205
1109
1110
1113
1014
1028
1009
1415
170
565
3
38
1342
1381
1534
1347
1395
1487
244
167
1205
2049
241
242
1581
679
850
2025
1694
1968
926
902
758
993
1170
1428
876
837
894
192
196
198
201
274
332
333
531
1059
554
1006
1054
893
1421
1200
1349
697
1235
1141
764
844
1219
343
939
502
592
988
953
954
687
827
737
497
523
524
527
533
457
553
745
570
597
691
693
374
