1115
863
1601
1315
1616
1619
1592
1265
1264
1490
1508
1244
569
1460
1930
1777
1833
1982
1959
2040
1945
1964
1486
1918
1758
2113
1895
2091
1649
2059
1926
1927
649
787
788
748
637
888
547
1260
1344
1750
102
1254
1253
826
1186
1169
1075
1445
1332
1360
1371
1846
1566
1357
808
304
302
605
803
80
79
81
118
123
117
1471
208
1451
1447
1362
253
96
1273
1364
1051
1020
11
1375
1326
243
87
75
1168
778
1554
1627
1348
142
186
1258
1455
1404
680
305
990
1231
1215
560
675
1061
676
396
589
830
765
222
225
340
1419
1192
847
712
763
465
915
707
444
699
700
1139
842
1542
623
144
1056
360
73
1411
730
633
631
627
1890
1398
1399
980
738
498
449
545
549
555
596
1083
694
729
535
