796
756
752
800
1467
1612
1617
473
1650
1433
776
1718
1432
1431
1483
1256
1499
1242
1302
1182
1194
1752
1850
1885
514
1827
1528
1987
1934
1813
1811
1807
1798
1768
2079
1928
641
956
283
220
645
169
647
786
735
513
1236
1313
1277
906
137
128
1167
716
157
1102
668
1351
146
111
1820
632
601
810
771
574
985
802
1143
1117
777
279
85
92
77
119
1161
1159
1158
104
97
203
176
206
210
257
261
1691
1048
1034
12
1629
1416
1578
1408
246
251
287
1234
308
482
185
1240
386
1382
282
414
1641
1763
1638
1609
1555
352
1401
576
1320
46
794
1639
1216
1385
864
329
607
470
743
798
353
356
240
269
280
285
982
969
1190
1162
781
932
1060
1027
879
1140
588
107
892
648
981
652
656
1706
696
